# Created by Octave 4.2.1, Fri May 26 22:11:19 2017 GMT <unknown@unknown>
# name: v
# type: matrix
# rows: 1
# columns: 3
 2104 1600 2400


